# Date         : 2024-06-11
# Time         : 14:27:54.202000
# File Name    : \\HULC-NAS\users\Alex\pilot2\Cyclic1\Camera1\.tiff
# Record Rate  : N/A
#
# Calibration 1 : Name: Calibration1, Type: Normal, Scale: 46.3771 pixels/millimeter,        0.0215624 millimeters/pixel, Origin: 2634.9, 1572.3 pixels, Tilt: -1.51624 degrees, System: Right-Handed Coordinate, Calibration Units: Millimeters
# Export Units : Millimeters
#
#
#   Frame   Time            Feature 1 ()                    Feature 2 ()                  
#                           x               y               x               y             
        0,  0.000000e+000, -9.306714e+000, -1.167380e+000, -1.681825e+000,  1.687547e+000
        1,  1.000000e+000, -9.317776e+000, -1.156888e+000, -1.677057e+000,  1.670417e+000
        2,  2.000000e+000, -9.317776e+000, -1.156888e+000, -1.677514e+000,  1.687661e+000
        3,  3.000000e+000, -9.317776e+000, -1.156888e+000, -1.677799e+000,  1.698438e+000
        4,  4.000000e+000, -9.317776e+000, -1.156888e+000, -1.677057e+000,  1.670417e+000
        5,  5.000000e+000, -9.317776e+000, -1.156888e+000, -1.677799e+000,  1.698438e+000
        6,  6.000000e+000, -9.317776e+000, -1.156888e+000, -1.677799e+000,  1.698438e+000
        7,  7.000000e+000, -9.317776e+000, -1.156888e+000, -1.677057e+000,  1.670417e+000
        8,  8.000000e+000, -9.265189e+000, -1.187851e+000, -1.677799e+000,  1.698438e+000
        9,  9.000000e+000, -9.286630e+000, -1.192732e+000, -1.686421e+000,  1.698210e+000
       10,  1.000000e+001, -9.317776e+000, -1.156888e+000, -1.677000e+000,  1.668261e+000
       11,  1.100000e+001, -9.317776e+000, -1.156888e+000, -1.677799e+000,  1.698438e+000
       12,  1.200000e+001, -9.317776e+000, -1.156888e+000, -1.677514e+000,  1.687661e+000
       13,  1.300000e+001, -9.317776e+000, -1.156888e+000, -1.677514e+000,  1.687661e+000
       14,  1.400000e+001, -9.291226e+000, -1.182069e+000, -1.677514e+000,  1.687661e+000
       15,  1.500000e+001, -9.317776e+000, -1.156888e+000, -1.677057e+000,  1.670417e+000
       16,  1.600000e+001, -9.317776e+000, -1.156888e+000, -1.677057e+000,  1.670417e+000
       17,  1.700000e+001, -9.317776e+000, -1.156888e+000, -1.677057e+000,  1.670417e+000
       18,  1.800000e+001, -9.265018e+000, -1.194317e+000, -1.674845e+000,  1.668318e+000
       19,  1.900000e+001, -9.291226e+000, -1.182069e+000, -1.677057e+000,  1.670417e+000
       20,  2.000000e+001, -9.317776e+000, -1.156888e+000, -1.677057e+000,  1.670417e+000
       21,  2.100000e+001, -9.317776e+000, -1.156888e+000, -1.677057e+000,  1.670417e+000
       22,  2.200000e+001, -9.265189e+000, -1.187851e+000, -1.664581e+000,  1.688003e+000
       23,  2.300000e+001, -9.313465e+000, -1.156774e+000, -1.677057e+000,  1.670417e+000
       24,  2.400000e+001, -9.265189e+000, -1.187851e+000, -1.677514e+000,  1.687661e+000
       25,  2.500000e+001, -9.317776e+000, -1.156888e+000, -1.677799e+000,  1.698438e+000
       26,  2.600000e+001, -9.265189e+000, -1.187851e+000, -1.677799e+000,  1.698438e+000
       27,  2.700000e+001, -9.317776e+000, -1.156888e+000, -1.677057e+000,  1.670417e+000
       28,  2.800000e+001, -9.265189e+000, -1.187851e+000, -1.664296e+000,  1.677226e+000
       29,  2.900000e+001, -9.265132e+000, -1.190006e+000, -1.671047e+000,  1.687832e+000
       30,  3.000000e+001, -9.286630e+000, -1.192732e+000, -1.686421e+000,  1.698210e+000
       31,  3.100000e+001, -9.265075e+000, -1.192162e+000, -1.664923e+000,  1.700936e+000
       32,  3.200000e+001, -9.317776e+000, -1.156888e+000, -1.677057e+000,  1.670417e+000
       33,  3.300000e+001, -9.296222e+000, -1.156317e+000, -1.655445e+000,  1.668832e+000
       34,  3.400000e+001, -9.313465e+000, -1.156774e+000, -1.684323e+000,  1.700422e+000
       35,  3.500000e+001, -9.296222e+000, -1.156317e+000, -1.653290e+000,  1.668889e+000
       36,  3.600000e+001, -9.317776e+000, -1.156888e+000, -1.664296e+000,  1.677226e+000
       37,  3.700000e+001, -9.265132e+000, -1.190006e+000, -1.653290e+000,  1.668889e+000
       38,  3.800000e+001, -9.265189e+000, -1.187851e+000, -1.655503e+000,  1.670987e+000
       39,  3.900000e+001, -9.291340e+000, -1.177758e+000, -1.655503e+000,  1.670987e+000
       40,  4.000000e+001, -9.269785e+000, -1.177187e+000, -1.633948e+000,  1.671558e+000
       41,  4.100000e+001, -9.293438e+000, -1.179970e+000, -1.643311e+000,  1.699351e+000
       42,  4.200000e+001, -9.291340e+000, -1.177758e+000, -1.633948e+000,  1.671558e+000
       43,  4.300000e+001, -9.291340e+000, -1.177758e+000, -1.634689e+000,  1.699579e+000
       44,  4.400000e+001, -9.264504e+000, -1.213716e+000, -1.634632e+000,  1.697424e+000
       45,  4.500000e+001, -9.243064e+000, -1.208835e+000, -1.619658e+000,  1.702134e+000
       46,  4.600000e+001, -9.264504e+000, -1.213716e+000, -1.634632e+000,  1.697424e+000
       47,  4.700000e+001, -9.243064e+000, -1.208835e+000, -1.621757e+000,  1.699921e+000
       48,  4.800000e+001, -9.295651e+000, -1.177872e+000, -1.621757e+000,  1.699921e+000
       49,  4.900000e+001, -9.295651e+000, -1.177872e+000, -1.621471e+000,  1.689144e+000
       50,  5.000000e+001, -9.242892e+000, -1.215301e+000, -1.621757e+000,  1.699921e+000
       51,  5.100000e+001, -9.295651e+000, -1.177872e+000, -1.621471e+000,  1.689144e+000
       52,  5.200000e+001, -9.295651e+000, -1.177872e+000, -1.621757e+000,  1.699921e+000
       53,  5.300000e+001, -9.295651e+000, -1.177872e+000, -1.621700e+000,  1.697766e+000
       54,  5.400000e+001, -9.264504e+000, -1.213716e+000, -1.634689e+000,  1.699579e+000
       55,  5.500000e+001, -9.242950e+000, -1.213146e+000, -1.613135e+000,  1.700150e+000
       56,  5.600000e+001, -9.243064e+000, -1.208835e+000, -1.619658e+000,  1.702134e+000
       57,  5.700000e+001, -9.291340e+000, -1.177758e+000, -1.634975e+000,  1.710357e+000
       58,  5.800000e+001, -9.242892e+000, -1.215301e+000, -1.621471e+000,  1.689144e+000
       59,  5.900000e+001, -9.243064e+000, -1.208835e+000, -1.621757e+000,  1.699921e+000
       60,  6.000000e+001, -9.243007e+000, -1.210990e+000, -1.621757e+000,  1.699921e+000
       61,  6.100000e+001, -9.293438e+000, -1.179970e+000, -1.639000e+000,  1.699465e+000
       62,  6.200000e+001, -9.267630e+000, -1.177130e+000, -1.639000e+000,  1.699465e+000
       63,  6.300000e+001, -9.267630e+000, -1.177130e+000, -1.643311e+000,  1.699351e+000
       64,  6.400000e+001, -9.269671e+000, -1.181498e+000, -1.638259e+000,  1.671444e+000
       65,  6.500000e+001, -9.265189e+000, -1.187851e+000, -1.656244e+000,  1.699009e+000
       66,  6.600000e+001, -9.265132e+000, -1.190006e+000, -1.655503e+000,  1.670987e+000
       67,  6.700000e+001, -9.243463e+000, -1.193747e+000, -1.656244e+000,  1.699009e+000
       68,  6.800000e+001, -9.265189e+000, -1.187851e+000, -1.664923e+000,  1.700936e+000
       69,  6.900000e+001, -9.296222e+000, -1.156317e+000, -1.656244e+000,  1.699009e+000
       70,  7.000000e+001, -9.291911e+000, -1.156203e+000, -1.664866e+000,  1.698780e+000
       71,  7.100000e+001, -9.243463e+000, -1.193747e+000, -1.656244e+000,  1.699009e+000
       72,  7.200000e+001, -9.265132e+000, -1.190006e+000, -1.655503e+000,  1.670987e+000
       73,  7.300000e+001, -9.243463e+000, -1.193747e+000, -1.656187e+000,  1.696853e+000
       74,  7.400000e+001, -9.291911e+000, -1.156203e+000, -1.656244e+000,  1.699009e+000
       75,  7.500000e+001, -9.265075e+000, -1.192162e+000, -1.664866e+000,  1.698780e+000
       76,  7.600000e+001, -9.291911e+000, -1.156203e+000, -1.656244e+000,  1.699009e+000
       77,  7.700000e+001, -9.265075e+000, -1.192162e+000, -1.664866e+000,  1.698780e+000
       78,  7.800000e+001, -9.243634e+000, -1.187280e+000, -1.643311e+000,  1.699351e+000
       79,  7.900000e+001, -9.296222e+000, -1.156317e+000, -1.656244e+000,  1.699009e+000
       80,  8.000000e+001, -9.269671e+000, -1.181498e+000, -1.641156e+000,  1.699408e+000
       81,  8.100000e+001, -9.269671e+000, -1.181498e+000, -1.643311e+000,  1.699351e+000
       82,  8.200000e+001, -9.269671e+000, -1.181498e+000, -1.634689e+000,  1.699579e+000
       83,  8.300000e+001, -9.269785e+000, -1.177187e+000, -1.634689e+000,  1.699579e+000
       84,  8.400000e+001, -9.269785e+000, -1.177187e+000, -1.634689e+000,  1.699579e+000
       85,  8.500000e+001, -9.269785e+000, -1.177187e+000, -1.613135e+000,  1.700150e+000
       86,  8.600000e+001, -9.243064e+000, -1.208835e+000, -1.621700e+000,  1.697766e+000
       87,  8.700000e+001, -9.243007e+000, -1.210990e+000, -1.613135e+000,  1.700150e+000
       88,  8.800000e+001, -9.243064e+000, -1.208835e+000, -1.621700e+000,  1.697766e+000
       89,  8.900000e+001, -9.242950e+000, -1.213146e+000, -1.613135e+000,  1.700150e+000
       90,  9.000000e+001, -9.242950e+000, -1.213146e+000, -1.613135e+000,  1.700150e+000
       91,  9.100000e+001, -9.242950e+000, -1.213146e+000, -1.621757e+000,  1.699921e+000
       92,  9.200000e+001, -9.242950e+000, -1.213146e+000, -1.613135e+000,  1.700150e+000
       93,  9.300000e+001, -9.269785e+000, -1.177187e+000, -1.617446e+000,  1.700036e+000
       94,  9.400000e+001, -9.269785e+000, -1.177187e+000, -1.613135e+000,  1.700150e+000
       95,  9.500000e+001, -9.243007e+000, -1.210990e+000, -1.617446e+000,  1.700036e+000
       96,  9.600000e+001, -9.242950e+000, -1.213146e+000, -1.613135e+000,  1.700150e+000
       97,  9.700000e+001, -9.242950e+000, -1.213146e+000, -1.613078e+000,  1.697994e+000
       98,  9.800000e+001, -9.243064e+000, -1.208835e+000, -1.615233e+000,  1.697937e+000
       99,  9.900000e+001, -9.269785e+000, -1.177187e+000, -1.613078e+000,  1.697994e+000
      100,  1.000000e+002, -9.269785e+000, -1.177187e+000, -1.613135e+000,  1.700150e+000
      101,  1.010000e+002, -9.269785e+000, -1.177187e+000, -1.621757e+000,  1.699921e+000
      102,  1.020000e+002, -9.269671e+000, -1.181498e+000, -1.621757e+000,  1.699921e+000
      103,  1.030000e+002, -9.269785e+000, -1.177187e+000, -1.617446e+000,  1.700036e+000
      104,  1.040000e+002, -9.269785e+000, -1.177187e+000, -1.621757e+000,  1.699921e+000
      105,  1.050000e+002, -9.269671e+000, -1.181498e+000, -1.634689e+000,  1.699579e+000
      106,  1.060000e+002, -9.269671e+000, -1.181498e+000, -1.636788e+000,  1.697367e+000
      107,  1.070000e+002, -9.296222e+000, -1.156317e+000, -1.639000e+000,  1.699465e+000
      108,  1.080000e+002, -9.243577e+000, -1.189436e+000, -1.643254e+000,  1.697195e+000
      109,  1.090000e+002, -9.243634e+000, -1.187280e+000, -1.643254e+000,  1.697195e+000
      110,  1.100000e+002, -9.243634e+000, -1.187280e+000, -1.656530e+000,  1.709786e+000
      111,  1.110000e+002, -9.243577e+000, -1.189436e+000, -1.643026e+000,  1.688574e+000
      112,  1.120000e+002, -9.243634e+000, -1.187280e+000, -1.643254e+000,  1.697195e+000
      113,  1.130000e+002, -9.243463e+000, -1.193747e+000, -1.656244e+000,  1.699009e+000
      114,  1.140000e+002, -9.243634e+000, -1.187280e+000, -1.643311e+000,  1.699351e+000
      115,  1.150000e+002, -9.296222e+000, -1.156317e+000, -1.656244e+000,  1.699009e+000
      116,  1.160000e+002, -9.296222e+000, -1.156317e+000, -1.656530e+000,  1.709786e+000
      117,  1.170000e+002, -9.270356e+000, -1.155633e+000, -1.640757e+000,  1.684320e+000
      118,  1.180000e+002, -9.243520e+000, -1.191591e+000, -1.643311e+000,  1.699351e+000
      119,  1.190000e+002, -9.243520e+000, -1.191591e+000, -1.643311e+000,  1.699351e+000
      120,  1.200000e+002, -9.270356e+000, -1.155633e+000, -1.643254e+000,  1.697195e+000
      121,  1.210000e+002, -9.243634e+000, -1.187280e+000, -1.643311e+000,  1.699351e+000
      122,  1.220000e+002, -9.243634e+000, -1.187280e+000, -1.634689e+000,  1.699579e+000
      123,  1.230000e+002, -9.243577e+000, -1.189436e+000, -1.634632e+000,  1.697424e+000
      124,  1.240000e+002, -9.296222e+000, -1.156317e+000, -1.634689e+000,  1.699579e+000
      125,  1.250000e+002, -9.248059e+000, -1.183083e+000, -1.621757e+000,  1.699921e+000
      126,  1.260000e+002, -9.248230e+000, -1.176617e+000, -1.613135e+000,  1.700150e+000
      127,  1.270000e+002, -9.269785e+000, -1.177187e+000, -1.621700e+000,  1.697766e+000
      128,  1.280000e+002, -9.269785e+000, -1.177187e+000, -1.613078e+000,  1.697994e+000
      129,  1.290000e+002, -9.269785e+000, -1.177187e+000, -1.622327e+000,  1.721476e+000
      130,  1.300000e+002, -9.269785e+000, -1.177187e+000, -1.613135e+000,  1.700150e+000
      131,  1.310000e+002, -9.274096e+000, -1.177301e+000, -1.600145e+000,  1.698337e+000
      132,  1.320000e+002, -9.274096e+000, -1.177301e+000, -1.600145e+000,  1.698337e+000
      133,  1.330000e+002, -9.269785e+000, -1.177187e+000, -1.613420e+000,  1.710927e+000
      134,  1.340000e+002, -9.269785e+000, -1.177187e+000, -1.613135e+000,  1.700150e+000
      135,  1.350000e+002, -9.274096e+000, -1.177301e+000, -1.600202e+000,  1.700492e+000
      136,  1.360000e+002, -9.269785e+000, -1.177187e+000, -1.613420e+000,  1.710927e+000
      137,  1.370000e+002, -9.274096e+000, -1.177301e+000, -1.600145e+000,  1.698337e+000
      138,  1.380000e+002, -9.269785e+000, -1.177187e+000, -1.613420e+000,  1.710927e+000
      139,  1.390000e+002, -9.221509e+000, -1.208264e+000, -1.595891e+000,  1.700606e+000
      140,  1.400000e+002, -9.274096e+000, -1.177301e+000, -1.613420e+000,  1.710927e+000
      141,  1.410000e+002, -9.274096e+000, -1.177301e+000, -1.600145e+000,  1.698337e+000
      142,  1.420000e+002, -9.269785e+000, -1.177187e+000, -1.615233e+000,  1.697937e+000
      143,  1.430000e+002, -9.269785e+000, -1.177187e+000, -1.612963e+000,  1.693683e+000
      144,  1.440000e+002, -9.248173e+000, -1.178772e+000, -1.615005e+000,  1.689315e+000
      145,  1.450000e+002, -9.269785e+000, -1.177187e+000, -1.621700e+000,  1.697766e+000
      146,  1.460000e+002, -9.243748e+000, -1.182969e+000, -1.621700e+000,  1.697766e+000
      147,  1.470000e+002, -9.243634e+000, -1.187280e+000, -1.634975e+000,  1.710357e+000
      148,  1.480000e+002, -9.243634e+000, -1.187280e+000, -1.634689e+000,  1.699579e+000
      149,  1.490000e+002, -9.270356e+000, -1.155633e+000, -1.643882e+000,  1.720906e+000
      150,  1.500000e+002, -9.270356e+000, -1.155633e+000, -1.643254e+000,  1.697195e+000
      151,  1.510000e+002, -9.270356e+000, -1.155633e+000, -1.643254e+000,  1.697195e+000
      152,  1.520000e+002, -9.270356e+000, -1.155633e+000, -1.643311e+000,  1.699351e+000
      153,  1.530000e+002, -9.270356e+000, -1.155633e+000, -1.643254e+000,  1.697195e+000
      154,  1.540000e+002, -9.270356e+000, -1.155633e+000, -1.643311e+000,  1.699351e+000
      155,  1.550000e+002, -9.270356e+000, -1.155633e+000, -1.643254e+000,  1.697195e+000
      156,  1.560000e+002, -9.270356e+000, -1.155633e+000, -1.639000e+000,  1.699465e+000
      157,  1.570000e+002, -9.296222e+000, -1.156317e+000, -1.643254e+000,  1.697195e+000
      158,  1.580000e+002, -9.270356e+000, -1.155633e+000, -1.643882e+000,  1.720906e+000
      159,  1.590000e+002, -9.270299e+000, -1.157788e+000, -1.656016e+000,  1.690387e+000
      160,  1.600000e+002, -9.270356e+000, -1.155633e+000, -1.639000e+000,  1.699465e+000
      161,  1.610000e+002, -9.270356e+000, -1.155633e+000, -1.643882e+000,  1.720906e+000
      162,  1.620000e+002, -9.270356e+000, -1.155633e+000, -1.639000e+000,  1.699465e+000
      163,  1.630000e+002, -9.270356e+000, -1.155633e+000, -1.638829e+000,  1.692999e+000
      164,  1.640000e+002, -9.296222e+000, -1.156317e+000, -1.643311e+000,  1.699351e+000
      165,  1.650000e+002, -9.243577e+000, -1.189436e+000, -1.634632e+000,  1.697424e+000
      166,  1.660000e+002, -9.243577e+000, -1.189436e+000, -1.621700e+000,  1.697766e+000
      167,  1.670000e+002, -9.270356e+000, -1.155633e+000, -1.622384e+000,  1.723632e+000
      168,  1.680000e+002, -9.243463e+000, -1.193747e+000, -1.621757e+000,  1.699921e+000
      169,  1.690000e+002, -9.248173e+000, -1.178772e+000, -1.612963e+000,  1.693683e+000
      170,  1.700000e+002, -9.269785e+000, -1.177187e+000, -1.610751e+000,  1.691585e+000
      171,  1.710000e+002, -9.269785e+000, -1.177187e+000, -1.612906e+000,  1.691528e+000
      172,  1.720000e+002, -9.269785e+000, -1.177187e+000, -1.613705e+000,  1.721704e+000
      173,  1.730000e+002, -9.274096e+000, -1.177301e+000, -1.613420e+000,  1.710927e+000
      174,  1.740000e+002, -9.274096e+000, -1.177301e+000, -1.600202e+000,  1.700492e+000
      175,  1.750000e+002, -9.269785e+000, -1.177187e+000, -1.612906e+000,  1.691528e+000
      176,  1.760000e+002, -9.248230e+000, -1.176617e+000, -1.600202e+000,  1.700492e+000
      177,  1.770000e+002, -9.221338e+000, -1.214731e+000, -1.595891e+000,  1.700606e+000
      178,  1.780000e+002, -9.242950e+000, -1.213146e+000, -1.613135e+000,  1.700150e+000
      179,  1.790000e+002, -9.269785e+000, -1.177187e+000, -1.612963e+000,  1.693683e+000
      180,  1.800000e+002, -9.269785e+000, -1.177187e+000, -1.620229e+000,  1.723689e+000
      181,  1.810000e+002, -9.274096e+000, -1.177301e+000, -1.600145e+000,  1.698337e+000
      182,  1.820000e+002, -9.269785e+000, -1.177187e+000, -1.613420e+000,  1.710927e+000
      183,  1.830000e+002, -9.269785e+000, -1.177187e+000, -1.622327e+000,  1.721476e+000
      184,  1.840000e+002, -9.274381e+000, -1.166524e+000, -1.600202e+000,  1.700492e+000
      185,  1.850000e+002, -9.269785e+000, -1.177187e+000, -1.612963e+000,  1.693683e+000
      186,  1.860000e+002, -9.274096e+000, -1.177301e+000, -1.612963e+000,  1.693683e+000
      187,  1.870000e+002, -9.243463e+000, -1.193747e+000, -1.634975e+000,  1.710357e+000
      188,  1.880000e+002, -9.243577e+000, -1.189436e+000, -1.621700e+000,  1.697766e+000
      189,  1.890000e+002, -9.243634e+000, -1.187280e+000, -1.635260e+000,  1.721134e+000
      190,  1.900000e+002, -9.296222e+000, -1.156317e+000, -1.643882e+000,  1.720906e+000
      191,  1.910000e+002, -9.296507e+000, -1.145540e+000, -1.643254e+000,  1.697195e+000
      192,  1.920000e+002, -9.270356e+000, -1.155633e+000, -1.643254e+000,  1.697195e+000
      193,  1.930000e+002, -9.270356e+000, -1.155633e+000, -1.643254e+000,  1.697195e+000
      194,  1.940000e+002, -9.270356e+000, -1.155633e+000, -1.656530e+000,  1.709786e+000
      195,  1.950000e+002, -9.270356e+000, -1.155633e+000, -1.643254e+000,  1.697195e+000
      196,  1.960000e+002, -9.270356e+000, -1.155633e+000, -1.656530e+000,  1.709786e+000
      197,  1.970000e+002, -9.270356e+000, -1.155633e+000, -1.656815e+000,  1.720563e+000
      198,  1.980000e+002, -9.270356e+000, -1.155633e+000, -1.639000e+000,  1.699465e+000
      199,  1.990000e+002, -9.270356e+000, -1.155633e+000, -1.643311e+000,  1.699351e+000
      200,  2.000000e+002, -9.270356e+000, -1.155633e+000, -1.656530e+000,  1.709786e+000
      201,  2.010000e+002, -9.296222e+000, -1.156317e+000, -1.656815e+000,  1.720563e+000
      202,  2.020000e+002, -9.270356e+000, -1.155633e+000, -1.639000e+000,  1.699465e+000
      203,  2.030000e+002, -9.270356e+000, -1.155633e+000, -1.643311e+000,  1.699351e+000
      204,  2.040000e+002, -9.270356e+000, -1.155633e+000, -1.643882e+000,  1.720906e+000
      205,  2.050000e+002, -9.270356e+000, -1.155633e+000, -1.643882e+000,  1.720906e+000
      206,  2.060000e+002, -9.270356e+000, -1.155633e+000, -1.634518e+000,  1.693113e+000
      207,  2.070000e+002, -9.270356e+000, -1.155633e+000, -1.643882e+000,  1.720906e+000
      208,  2.080000e+002, -9.243577e+000, -1.189436e+000, -1.621757e+000,  1.699921e+000
      209,  2.090000e+002, -9.248059e+000, -1.183083e+000, -1.621700e+000,  1.697766e+000
      210,  2.100000e+002, -9.248116e+000, -1.180928e+000, -1.613705e+000,  1.721704e+000
      211,  2.110000e+002, -9.248230e+000, -1.176617e+000, -1.600202e+000,  1.700492e+000
      212,  2.120000e+002, -9.274096e+000, -1.177301e+000, -1.613420e+000,  1.710927e+000
      213,  2.130000e+002, -9.274096e+000, -1.177301e+000, -1.613705e+000,  1.721704e+000
      214,  2.140000e+002, -9.274381e+000, -1.166524e+000, -1.600487e+000,  1.711269e+000
      215,  2.150000e+002, -9.274096e+000, -1.177301e+000, -1.613420e+000,  1.710927e+000
      216,  2.160000e+002, -9.274096e+000, -1.177301e+000, -1.600145e+000,  1.698337e+000
      217,  2.170000e+002, -9.269785e+000, -1.177187e+000, -1.613705e+000,  1.721704e+000
      218,  2.180000e+002, -9.269785e+000, -1.177187e+000, -1.612963e+000,  1.693683e+000
      219,  2.190000e+002, -9.243577e+000, -1.189436e+000, -1.613705e+000,  1.721704e+000
      220,  2.200000e+002, -9.248173e+000, -1.178772e+000, -1.613705e+000,  1.721704e+000
      221,  2.210000e+002, -9.274096e+000, -1.177301e+000, -1.600487e+000,  1.711269e+000
      222,  2.220000e+002, -9.274381e+000, -1.166524e+000, -1.613420e+000,  1.710927e+000
      223,  2.230000e+002, -9.269785e+000, -1.177187e+000, -1.618016e+000,  1.721590e+000
      224,  2.240000e+002, -9.274096e+000, -1.177301e+000, -1.613420e+000,  1.710927e+000
      225,  2.250000e+002, -9.248173e+000, -1.178772e+000, -1.600487e+000,  1.711269e+000
      226,  2.260000e+002, -9.274096e+000, -1.177301e+000, -1.613705e+000,  1.721704e+000
      227,  2.270000e+002, -9.243577e+000, -1.189436e+000, -1.622327e+000,  1.721476e+000
      228,  2.280000e+002, -9.243577e+000, -1.189436e+000, -1.620229e+000,  1.723689e+000
      229,  2.290000e+002, -9.248173e+000, -1.178772e+000, -1.612963e+000,  1.693683e+000
      230,  2.300000e+002, -9.243463e+000, -1.193747e+000, -1.621757e+000,  1.699921e+000
      231,  2.310000e+002, -9.230872e+000, -1.180471e+000, -1.622042e+000,  1.710699e+000
      232,  2.320000e+002, -9.296507e+000, -1.145540e+000, -1.634518e+000,  1.693113e+000
      233,  2.330000e+002, -9.243520e+000, -1.191591e+000, -1.634518e+000,  1.693113e+000
      234,  2.340000e+002, -9.270356e+000, -1.155633e+000, -1.634518e+000,  1.693113e+000
      235,  2.350000e+002, -9.270356e+000, -1.155633e+000, -1.656530e+000,  1.709786e+000
      236,  2.360000e+002, -9.270356e+000, -1.155633e+000, -1.643311e+000,  1.699351e+000
      237,  2.370000e+002, -9.270356e+000, -1.155633e+000, -1.643597e+000,  1.710128e+000
      238,  2.380000e+002, -9.270356e+000, -1.155633e+000, -1.643311e+000,  1.699351e+000
      239,  2.390000e+002, -9.270356e+000, -1.155633e+000, -1.650063e+000,  1.709957e+000
      240,  2.400000e+002, -9.270356e+000, -1.155633e+000, -1.643597e+000,  1.710128e+000
      241,  2.410000e+002, -9.270356e+000, -1.155633e+000, -1.643311e+000,  1.699351e+000
      242,  2.420000e+002, -9.270356e+000, -1.155633e+000, -1.643311e+000,  1.699351e+000
      243,  2.430000e+002, -9.270356e+000, -1.155633e+000, -1.656815e+000,  1.720563e+000
      244,  2.440000e+002, -9.270356e+000, -1.155633e+000, -1.643311e+000,  1.699351e+000
      245,  2.450000e+002, -9.270356e+000, -1.155633e+000, -1.643254e+000,  1.697195e+000
      246,  2.460000e+002, -9.270356e+000, -1.155633e+000, -1.643939e+000,  1.723061e+000
      247,  2.470000e+002, -9.230872e+000, -1.180471e+000, -1.634518e+000,  1.693113e+000
      248,  2.480000e+002, -9.270356e+000, -1.155633e+000, -1.635260e+000,  1.721134e+000
      249,  2.490000e+002, -9.270356e+000, -1.155633e+000, -1.635260e+000,  1.721134e+000
      250,  2.500000e+002, -9.243577e+000, -1.189436e+000, -1.634975e+000,  1.710357e+000
      251,  2.510000e+002, -9.248059e+000, -1.183083e+000, -1.622327e+000,  1.721476e+000
      252,  2.520000e+002, -9.248059e+000, -1.183083e+000, -1.622327e+000,  1.721476e+000
      253,  2.530000e+002, -9.243577e+000, -1.189436e+000, -1.622327e+000,  1.721476e+000
      254,  2.540000e+002, -9.248173e+000, -1.178772e+000, -1.613705e+000,  1.721704e+000
      255,  2.550000e+002, -9.274381e+000, -1.166524e+000, -1.600487e+000,  1.711269e+000
      256,  2.560000e+002, -9.274381e+000, -1.166524e+000, -1.600202e+000,  1.700492e+000
      257,  2.570000e+002, -9.274381e+000, -1.166524e+000, -1.613705e+000,  1.721704e+000
      258,  2.580000e+002, -9.274381e+000, -1.166524e+000, -1.613705e+000,  1.721704e+000
      259,  2.590000e+002, -9.274096e+000, -1.177301e+000, -1.613420e+000,  1.710927e+000
      260,  2.600000e+002, -9.274381e+000, -1.166524e+000, -1.613705e+000,  1.721704e+000
      261,  2.610000e+002, -9.248173e+000, -1.178772e+000, -1.600487e+000,  1.711269e+000
      262,  2.620000e+002, -9.269785e+000, -1.177187e+000, -1.613705e+000,  1.721704e+000
      263,  2.630000e+002, -9.274381e+000, -1.166524e+000, -1.613990e+000,  1.732482e+000
      264,  2.640000e+002, -9.248173e+000, -1.178772e+000, -1.600487e+000,  1.711269e+000
      265,  2.650000e+002, -9.274381e+000, -1.166524e+000, -1.600202e+000,  1.700492e+000
      266,  2.660000e+002, -9.274381e+000, -1.166524e+000, -1.600145e+000,  1.698337e+000
      267,  2.670000e+002, -9.269785e+000, -1.177187e+000, -1.613705e+000,  1.721704e+000
      268,  2.680000e+002, -9.274381e+000, -1.166524e+000, -1.613705e+000,  1.721704e+000
      269,  2.690000e+002, -9.248173e+000, -1.178772e+000, -1.613705e+000,  1.721704e+000
      270,  2.700000e+002, -9.248059e+000, -1.183083e+000, -1.618016e+000,  1.721590e+000
      271,  2.710000e+002, -9.248173e+000, -1.178772e+000, -1.622327e+000,  1.721476e+000
      272,  2.720000e+002, -9.230872e+000, -1.180471e+000, -1.622042e+000,  1.710699e+000
      273,  2.730000e+002, -9.252370e+000, -1.183197e+000, -1.639571e+000,  1.721020e+000
      274,  2.740000e+002, -9.296507e+000, -1.145540e+000, -1.643882e+000,  1.720906e+000
      275,  2.750000e+002, -9.270356e+000, -1.155633e+000, -1.643882e+000,  1.720906e+000
      276,  2.760000e+002, -9.270356e+000, -1.155633e+000, -1.643882e+000,  1.720906e+000
      277,  2.770000e+002, -9.270356e+000, -1.155633e+000, -1.643597e+000,  1.710128e+000
      278,  2.780000e+002, -9.270356e+000, -1.155633e+000, -1.643882e+000,  1.720906e+000
      279,  2.790000e+002, -9.270356e+000, -1.155633e+000, -1.643882e+000,  1.720906e+000
      280,  2.800000e+002, -9.270356e+000, -1.155633e+000, -1.643254e+000,  1.697195e+000
      281,  2.810000e+002, -9.270356e+000, -1.155633e+000, -1.643597e+000,  1.710128e+000
      282,  2.820000e+002, -9.270299e+000, -1.157788e+000, -1.656815e+000,  1.720563e+000
      283,  2.830000e+002, -9.270356e+000, -1.155633e+000, -1.643939e+000,  1.723061e+000
      284,  2.840000e+002, -9.270356e+000, -1.155633e+000, -1.643882e+000,  1.720906e+000
      285,  2.850000e+002, -9.270356e+000, -1.155633e+000, -1.643597e+000,  1.710128e+000
      286,  2.860000e+002, -9.270356e+000, -1.155633e+000, -1.643882e+000,  1.720906e+000
      287,  2.870000e+002, -9.270356e+000, -1.155633e+000, -1.643882e+000,  1.720906e+000
      288,  2.880000e+002, -9.270356e+000, -1.155633e+000, -1.643882e+000,  1.720906e+000
      289,  2.890000e+002, -9.270356e+000, -1.155633e+000, -1.643882e+000,  1.720906e+000
      290,  2.900000e+002, -9.270356e+000, -1.155633e+000, -1.639571e+000,  1.721020e+000
      291,  2.910000e+002, -9.230872e+000, -1.180471e+000, -1.635260e+000,  1.721134e+000
      292,  2.920000e+002, -9.296507e+000, -1.145540e+000, -1.635260e+000,  1.721134e+000
      293,  2.930000e+002, -9.274667e+000, -1.155747e+000, -1.622270e+000,  1.719321e+000
      294,  2.940000e+002, -9.248059e+000, -1.183083e+000, -1.618016e+000,  1.721590e+000
      295,  2.950000e+002, -9.248173e+000, -1.178772e+000, -1.613648e+000,  1.719549e+000
      296,  2.960000e+002, -9.248059e+000, -1.183083e+000, -1.613705e+000,  1.721704e+000
      297,  2.970000e+002, -9.274381e+000, -1.166524e+000, -1.613705e+000,  1.721704e+000
      298,  2.980000e+002, -9.269785e+000, -1.177187e+000, -1.613705e+000,  1.721704e+000
      299,  2.990000e+002, -9.248173e+000, -1.178772e+000, -1.600487e+000,  1.711269e+000
      300,  3.000000e+002, -9.269785e+000, -1.177187e+000, -1.613705e+000,  1.721704e+000
      301,  3.010000e+002, -9.248173e+000, -1.178772e+000, -1.613705e+000,  1.721704e+000
      302,  3.020000e+002, -9.248173e+000, -1.178772e+000, -1.613705e+000,  1.721704e+000
      303,  3.030000e+002, -9.243577e+000, -1.189436e+000, -1.613705e+000,  1.721704e+000
      304,  3.040000e+002, -9.248173e+000, -1.178772e+000, -1.600487e+000,  1.711269e+000
      305,  3.050000e+002, -9.274381e+000, -1.166524e+000, -1.613705e+000,  1.721704e+000
      306,  3.060000e+002, -9.274381e+000, -1.166524e+000, -1.605654e+000,  1.743488e+000
      307,  3.070000e+002, -9.274381e+000, -1.166524e+000, -1.613705e+000,  1.721704e+000
      308,  3.080000e+002, -9.248173e+000, -1.178772e+000, -1.613990e+000,  1.732482e+000
      309,  3.090000e+002, -9.274381e+000, -1.166524e+000, -1.613705e+000,  1.721704e+000
      310,  3.100000e+002, -9.248173e+000, -1.178772e+000, -1.613705e+000,  1.721704e+000
      311,  3.110000e+002, -9.248059e+000, -1.183083e+000, -1.613705e+000,  1.721704e+000
      312,  3.120000e+002, -9.296222e+000, -1.156317e+000, -1.622042e+000,  1.710699e+000
      313,  3.130000e+002, -9.296222e+000, -1.156317e+000, -1.635260e+000,  1.721134e+000
      314,  3.140000e+002, -9.296507e+000, -1.145540e+000, -1.635260e+000,  1.721134e+000
      315,  3.150000e+002, -9.296507e+000, -1.145540e+000, -1.639571e+000,  1.721020e+000
      316,  3.160000e+002, -9.270356e+000, -1.155633e+000, -1.643882e+000,  1.720906e+000
      317,  3.170000e+002, -9.270356e+000, -1.155633e+000, -1.643882e+000,  1.720906e+000
      318,  3.180000e+002, -9.270356e+000, -1.155633e+000, -1.643597e+000,  1.710128e+000
      319,  3.190000e+002, -9.270356e+000, -1.155633e+000, -1.641726e+000,  1.720963e+000
      320,  3.200000e+002, -9.270299e+000, -1.157788e+000, -1.656815e+000,  1.720563e+000
      321,  3.210000e+002, -9.270299e+000, -1.157788e+000, -1.656815e+000,  1.720563e+000
      322,  3.220000e+002, -9.270356e+000, -1.155633e+000, -1.657100e+000,  1.731341e+000
      323,  3.230000e+002, -9.270356e+000, -1.155633e+000, -1.657100e+000,  1.731341e+000
      324,  3.240000e+002, -9.270356e+000, -1.155633e+000, -1.643597e+000,  1.710128e+000
      325,  3.250000e+002, -9.270299e+000, -1.157788e+000, -1.656815e+000,  1.720563e+000
      326,  3.260000e+002, -9.270356e+000, -1.155633e+000, -1.643597e+000,  1.710128e+000
      327,  3.270000e+002, -9.270299e+000, -1.157788e+000, -1.656758e+000,  1.718408e+000
      328,  3.280000e+002, -9.270299e+000, -1.157788e+000, -1.656815e+000,  1.720563e+000
      329,  3.290000e+002, -9.270185e+000, -1.162099e+000, -1.656815e+000,  1.720563e+000
      330,  3.300000e+002, -9.270299e+000, -1.157788e+000, -1.656815e+000,  1.720563e+000
      331,  3.310000e+002, -9.270356e+000, -1.155633e+000, -1.643882e+000,  1.720906e+000
      332,  3.320000e+002, -9.270356e+000, -1.155633e+000, -1.643882e+000,  1.720906e+000
      333,  3.330000e+002, -9.296507e+000, -1.145540e+000, -1.639571e+000,  1.721020e+000
      334,  3.340000e+002, -9.270356e+000, -1.155633e+000, -1.635260e+000,  1.721134e+000
      335,  3.350000e+002, -9.296507e+000, -1.145540e+000, -1.635260e+000,  1.721134e+000
      336,  3.360000e+002, -9.296222e+000, -1.156317e+000, -1.635545e+000,  1.731911e+000
      337,  3.370000e+002, -9.296507e+000, -1.145540e+000, -1.622327e+000,  1.721476e+000
      338,  3.380000e+002, -9.243577e+000, -1.189436e+000, -1.618016e+000,  1.721590e+000
      339,  3.390000e+002, -9.269728e+000, -1.179343e+000, -1.622327e+000,  1.721476e+000
      340,  3.400000e+002, -9.243577e+000, -1.189436e+000, -1.620172e+000,  1.721533e+000
      341,  3.410000e+002, -9.243577e+000, -1.189436e+000, -1.618016e+000,  1.721590e+000
      342,  3.420000e+002, -9.274381e+000, -1.166524e+000, -1.613705e+000,  1.721704e+000
      343,  3.430000e+002, -9.269785e+000, -1.177187e+000, -1.622327e+000,  1.721476e+000
      344,  3.440000e+002, -9.252427e+000, -1.181042e+000, -1.622270e+000,  1.719321e+000
      345,  3.450000e+002, -9.274381e+000, -1.166524e+000, -1.618016e+000,  1.721590e+000
      346,  3.460000e+002, -9.274381e+000, -1.166524e+000, -1.613705e+000,  1.721704e+000
      347,  3.470000e+002, -9.243577e+000, -1.189436e+000, -1.618016e+000,  1.721590e+000
      348,  3.480000e+002, -9.274381e+000, -1.166524e+000, -1.613705e+000,  1.721704e+000
      349,  3.490000e+002, -9.274381e+000, -1.166524e+000, -1.613705e+000,  1.721704e+000
      350,  3.500000e+002, -9.269785e+000, -1.177187e+000, -1.618016e+000,  1.721590e+000
      351,  3.510000e+002, -9.243577e+000, -1.189436e+000, -1.622327e+000,  1.721476e+000
      352,  3.520000e+002, -9.252427e+000, -1.181042e+000, -1.622327e+000,  1.721476e+000
      353,  3.530000e+002, -9.274381e+000, -1.166524e+000, -1.613705e+000,  1.721704e+000
      354,  3.540000e+002, -9.252370e+000, -1.183197e+000, -1.635260e+000,  1.721134e+000
      355,  3.550000e+002, -9.296222e+000, -1.156317e+000, -1.635260e+000,  1.721134e+000
      356,  3.560000e+002, -9.296222e+000, -1.156317e+000, -1.643882e+000,  1.720906e+000
      357,  3.570000e+002, -9.270299e+000, -1.157788e+000, -1.639571e+000,  1.721020e+000
      358,  3.580000e+002, -9.291911e+000, -1.156203e+000, -1.661126e+000,  1.720449e+000
      359,  3.590000e+002, -9.296507e+000, -1.145540e+000, -1.643882e+000,  1.720906e+000
      360,  3.600000e+002, -9.291911e+000, -1.156203e+000, -1.665380e+000,  1.718180e+000
      361,  3.610000e+002, -9.270356e+000, -1.155633e+000, -1.657100e+000,  1.731341e+000
      362,  3.620000e+002, -9.265702e+000, -1.168451e+000, -1.665380e+000,  1.718180e+000
      363,  3.630000e+002, -9.270299e+000, -1.157788e+000, -1.656815e+000,  1.720563e+000
      364,  3.640000e+002, -9.296507e+000, -1.145540e+000, -1.665380e+000,  1.718180e+000
      365,  3.650000e+002, -9.296507e+000, -1.145540e+000, -1.661126e+000,  1.720449e+000
      366,  3.660000e+002, -9.252941e+000, -1.161643e+000, -1.656644e+000,  1.714097e+000
      367,  3.670000e+002, -9.274553e+000, -1.160058e+000, -1.678655e+000,  1.730770e+000
      368,  3.680000e+002, -9.252941e+000, -1.161643e+000, -1.656644e+000,  1.714097e+000
      369,  3.690000e+002, -9.252941e+000, -1.161643e+000, -1.666007e+000,  1.741890e+000
      370,  3.700000e+002, -9.265702e+000, -1.168451e+000, -1.665437e+000,  1.720335e+000
      371,  3.710000e+002, -9.270299e+000, -1.157788e+000, -1.656815e+000,  1.720563e+000
      372,  3.720000e+002, -9.296507e+000, -1.145540e+000, -1.665380e+000,  1.718180e+000
      373,  3.730000e+002, -9.296507e+000, -1.145540e+000, -1.656815e+000,  1.720563e+000
      374,  3.740000e+002, -9.296222e+000, -1.156317e+000, -1.656815e+000,  1.720563e+000
      375,  3.750000e+002, -9.296222e+000, -1.156317e+000, -1.657100e+000,  1.731341e+000
      376,  3.760000e+002, -9.296222e+000, -1.156317e+000, -1.639571e+000,  1.721020e+000
      377,  3.770000e+002, -9.296222e+000, -1.156317e+000, -1.639571e+000,  1.721020e+000
      378,  3.780000e+002, -9.306999e+000, -1.156602e+000, -1.639571e+000,  1.721020e+000
      379,  3.790000e+002, -9.318062e+000, -1.146110e+000, -1.643882e+000,  1.720906e+000
      380,  3.800000e+002, -9.306999e+000, -1.156602e+000, -1.635831e+000,  1.742689e+000
      381,  3.810000e+002, -9.274381e+000, -1.166524e+000, -1.618016e+000,  1.721590e+000
      382,  3.820000e+002, -9.269728e+000, -1.179343e+000, -1.622270e+000,  1.719321e+000
      383,  3.830000e+002, -9.254526e+000, -1.183254e+000, -1.622327e+000,  1.721476e+000
      384,  3.840000e+002, -9.254526e+000, -1.183254e+000, -1.622270e+000,  1.719321e+000
      385,  3.850000e+002, -9.269728e+000, -1.179343e+000, -1.635545e+000,  1.731911e+000
      386,  3.860000e+002, -9.254526e+000, -1.183254e+000, -1.622327e+000,  1.721476e+000
      387,  3.870000e+002, -9.306999e+000, -1.156602e+000, -1.635545e+000,  1.731911e+000
      388,  3.880000e+002, -9.269728e+000, -1.179343e+000, -1.622270e+000,  1.719321e+000
      389,  3.890000e+002, -9.252370e+000, -1.183197e+000, -1.635831e+000,  1.742689e+000
      390,  3.900000e+002, -9.296507e+000, -1.145540e+000, -1.622270e+000,  1.719321e+000
      391,  3.910000e+002, -9.252370e+000, -1.183197e+000, -1.635831e+000,  1.742689e+000
      392,  3.920000e+002, -9.230815e+000, -1.182627e+000, -1.614276e+000,  1.743259e+000
      393,  3.930000e+002, -9.252370e+000, -1.183197e+000, -1.635831e+000,  1.742689e+000
      394,  3.940000e+002, -9.298149e+000, -1.164996e+000, -1.642354e+000,  1.744673e+000
      395,  3.950000e+002, -9.296222e+000, -1.156317e+000, -1.635831e+000,  1.742689e+000
      396,  3.960000e+002, -9.306999e+000, -1.156602e+000, -1.644452e+000,  1.742461e+000
      397,  3.970000e+002, -9.296222e+000, -1.156317e+000, -1.635203e+000,  1.718978e+000
      398,  3.980000e+002, -9.296222e+000, -1.156317e+000, -1.643825e+000,  1.718750e+000
      399,  3.990000e+002, -9.296222e+000, -1.156317e+000, -1.643825e+000,  1.718750e+000
      400,  4.000000e+002, -9.291911e+000, -1.156203e+000, -1.656644e+000,  1.714097e+000
      401,  4.010000e+002, -9.274553e+000, -1.160058e+000, -1.665437e+000,  1.720335e+000
      402,  4.020000e+002, -9.274553e+000, -1.160058e+000, -1.665437e+000,  1.720335e+000
      403,  4.030000e+002, -9.265702e+000, -1.168451e+000, -1.665437e+000,  1.720335e+000
      404,  4.040000e+002, -9.318632e+000, -1.124556e+000, -1.665437e+000,  1.720335e+000
      405,  4.050000e+002, -9.291854e+000, -1.158359e+000, -1.678655e+000,  1.730770e+000
      406,  4.060000e+002, -9.296507e+000, -1.145540e+000, -1.663281e+000,  1.720392e+000
      407,  4.070000e+002, -9.276651e+000, -1.162270e+000, -1.678655e+000,  1.730770e+000
      408,  4.080000e+002, -9.274553e+000, -1.160058e+000, -1.678655e+000,  1.730770e+000
      409,  4.090000e+002, -9.296507e+000, -1.145540e+000, -1.665380e+000,  1.718180e+000
      410,  4.100000e+002, -9.276651e+000, -1.162270e+000, -1.678655e+000,  1.730770e+000
      411,  4.110000e+002, -9.276651e+000, -1.162270e+000, -1.678655e+000,  1.730770e+000
      412,  4.120000e+002, -9.276651e+000, -1.162270e+000, -1.678940e+000,  1.741548e+000
      413,  4.130000e+002, -9.318632e+000, -1.124556e+000, -1.661126e+000,  1.720449e+000
      414,  4.140000e+002, -9.265702e+000, -1.168451e+000, -1.665437e+000,  1.720335e+000
      415,  4.150000e+002, -9.276651e+000, -1.162270e+000, -1.665380e+000,  1.718180e+000
      416,  4.160000e+002, -9.296507e+000, -1.145540e+000, -1.666007e+000,  1.741890e+000
      417,  4.170000e+002, -9.296222e+000, -1.156317e+000, -1.657100e+000,  1.731341e+000
      418,  4.180000e+002, -9.291854e+000, -1.158359e+000, -1.666007e+000,  1.741890e+000
      419,  4.190000e+002, -9.291911e+000, -1.156203e+000, -1.657385e+000,  1.742118e+000
      420,  4.200000e+002, -9.296222e+000, -1.156317e+000, -1.643825e+000,  1.718750e+000
      421,  4.210000e+002, -9.296222e+000, -1.156317e+000, -1.637130e+000,  1.710299e+000
      422,  4.220000e+002, -9.306999e+000, -1.156602e+000, -1.635831e+000,  1.742689e+000
      423,  4.230000e+002, -9.291511e+000, -1.171291e+000, -1.644452e+000,  1.742461e+000
      424,  4.240000e+002, -9.252370e+000, -1.183197e+000, -1.635831e+000,  1.742689e+000
      425,  4.250000e+002, -9.254526e+000, -1.183254e+000, -1.622327e+000,  1.721476e+000
      426,  4.260000e+002, -9.295936e+000, -1.167095e+000, -1.635089e+000,  1.714667e+000
      427,  4.270000e+002, -9.252370e+000, -1.183197e+000, -1.635831e+000,  1.742689e+000
      428,  4.280000e+002, -9.306999e+000, -1.156602e+000, -1.635831e+000,  1.742689e+000
      429,  4.290000e+002, -9.252370e+000, -1.183197e+000, -1.635545e+000,  1.731911e+000
      430,  4.300000e+002, -9.298149e+000, -1.164996e+000, -1.635089e+000,  1.714667e+000
      431,  4.310000e+002, -9.306999e+000, -1.156602e+000, -1.635831e+000,  1.742689e+000
      432,  4.320000e+002, -9.252370e+000, -1.183197e+000, -1.635545e+000,  1.731911e+000
      433,  4.330000e+002, -9.306999e+000, -1.156602e+000, -1.635545e+000,  1.731911e+000
      434,  4.340000e+002, -9.252427e+000, -1.181042e+000, -1.635831e+000,  1.742689e+000
      435,  4.350000e+002, -9.298149e+000, -1.164996e+000, -1.635089e+000,  1.714667e+000
      436,  4.360000e+002, -9.296222e+000, -1.156317e+000, -1.635831e+000,  1.742689e+000
      437,  4.370000e+002, -9.318062e+000, -1.146110e+000, -1.644452e+000,  1.742461e+000
      438,  4.380000e+002, -9.306999e+000, -1.156602e+000, -1.644452e+000,  1.742461e+000
      439,  4.390000e+002, -9.291854e+000, -1.158359e+000, -1.657100e+000,  1.731341e+000
      440,  4.400000e+002, -9.291854e+000, -1.158359e+000, -1.657385e+000,  1.742118e+000
      441,  4.410000e+002, -9.291854e+000, -1.158359e+000, -1.656644e+000,  1.714097e+000
      442,  4.420000e+002, -9.291854e+000, -1.158359e+000, -1.665380e+000,  1.718180e+000
      443,  4.430000e+002, -9.296507e+000, -1.145540e+000, -1.658742e+000,  1.711884e+000
      444,  4.440000e+002, -9.296507e+000, -1.145540e+000, -1.665437e+000,  1.720335e+000
      445,  4.450000e+002, -9.329124e+000, -1.135618e+000, -1.678655e+000,  1.730770e+000
      446,  4.460000e+002, -9.290040e+000, -1.145369e+000, -1.678655e+000,  1.730770e+000
      447,  4.470000e+002, -9.292082e+000, -1.149737e+000, -1.665380e+000,  1.718180e+000
      448,  4.480000e+002, -9.292082e+000, -1.149737e+000, -1.665437e+000,  1.720335e+000
      449,  4.490000e+002, -9.292082e+000, -1.149737e+000, -1.665380e+000,  1.718180e+000
      450,  4.500000e+002, -9.329124e+000, -1.135618e+000, -1.678198e+000,  1.713526e+000
      451,  4.510000e+002, -9.329124e+000, -1.135618e+000, -1.678940e+000,  1.741548e+000
      452,  4.520000e+002, -9.296507e+000, -1.145540e+000, -1.661126e+000,  1.720449e+000
      453,  4.530000e+002, -9.274553e+000, -1.160058e+000, -1.678655e+000,  1.730770e+000
      454,  4.540000e+002, -9.296507e+000, -1.145540e+000, -1.665722e+000,  1.731113e+000
      455,  4.550000e+002, -9.290040e+000, -1.145369e+000, -1.678940e+000,  1.741548e+000
      456,  4.560000e+002, -9.292082e+000, -1.149737e+000, -1.665722e+000,  1.731113e+000
      457,  4.570000e+002, -9.292082e+000, -1.149737e+000, -1.665437e+000,  1.720335e+000
      458,  4.580000e+002, -9.296507e+000, -1.145540e+000, -1.643597e+000,  1.710128e+000
      459,  4.590000e+002, -9.296507e+000, -1.145540e+000, -1.643825e+000,  1.718750e+000
      460,  4.600000e+002, -9.274553e+000, -1.160058e+000, -1.661696e+000,  1.742004e+000
      461,  4.610000e+002, -9.296507e+000, -1.145540e+000, -1.643825e+000,  1.718750e+000
      462,  4.620000e+002, -9.318062e+000, -1.146110e+000, -1.644167e+000,  1.731683e+000
      463,  4.630000e+002, -9.274381e+000, -1.166524e+000, -1.622327e+000,  1.721476e+000
      464,  4.640000e+002, -9.298149e+000, -1.164996e+000, -1.635089e+000,  1.714667e+000
      465,  4.650000e+002, -9.306999e+000, -1.156602e+000, -1.627209e+000,  1.742917e+000
      466,  4.660000e+002, -9.252427e+000, -1.181042e+000, -1.635545e+000,  1.731911e+000
      467,  4.670000e+002, -9.295936e+000, -1.167095e+000, -1.644452e+000,  1.742461e+000
      468,  4.680000e+002, -9.306999e+000, -1.156602e+000, -1.622270e+000,  1.719321e+000
      469,  4.690000e+002, -9.298149e+000, -1.164996e+000, -1.635089e+000,  1.714667e+000
      470,  4.700000e+002, -9.252370e+000, -1.183197e+000, -1.635831e+000,  1.742689e+000
      471,  4.710000e+002, -9.306999e+000, -1.156602e+000, -1.640142e+000,  1.742575e+000
      472,  4.720000e+002, -9.298149e+000, -1.164996e+000, -1.635089e+000,  1.714667e+000
      473,  4.730000e+002, -9.252370e+000, -1.183197e+000, -1.635831e+000,  1.742689e+000
      474,  4.740000e+002, -9.298149e+000, -1.164996e+000, -1.642354e+000,  1.744673e+000
      475,  4.750000e+002, -9.306999e+000, -1.156602e+000, -1.627209e+000,  1.742917e+000
      476,  4.760000e+002, -9.291511e+000, -1.171291e+000, -1.635089e+000,  1.714667e+000
      477,  4.770000e+002, -9.306999e+000, -1.156602e+000, -1.635831e+000,  1.742689e+000
      478,  4.780000e+002, -9.298149e+000, -1.164996e+000, -1.644452e+000,  1.742461e+000
      479,  4.790000e+002, -9.252370e+000, -1.183197e+000, -1.635032e+000,  1.712512e+000
      480,  4.800000e+002, -9.291911e+000, -1.156203e+000, -1.643825e+000,  1.718750e+000
      481,  4.810000e+002, -9.318062e+000, -1.146110e+000, -1.656644e+000,  1.714097e+000
      482,  4.820000e+002, -9.296222e+000, -1.156317e+000, -1.643825e+000,  1.718750e+000
      483,  4.830000e+002, -9.291854e+000, -1.158359e+000, -1.656644e+000,  1.714097e+000
      484,  4.840000e+002, -9.291854e+000, -1.158359e+000, -1.666007e+000,  1.741890e+000
      485,  4.850000e+002, -9.291854e+000, -1.158359e+000, -1.678655e+000,  1.730770e+000
      486,  4.860000e+002, -9.296507e+000, -1.145540e+000, -1.665380e+000,  1.718180e+000
      487,  4.870000e+002, -9.276651e+000, -1.162270e+000, -1.678655e+000,  1.730770e+000
      488,  4.880000e+002, -9.291854e+000, -1.158359e+000, -1.678370e+000,  1.719993e+000
      489,  4.890000e+002, -9.267687e+000, -1.174975e+000, -1.665380e+000,  1.718180e+000
      490,  4.900000e+002, -9.276651e+000, -1.162270e+000, -1.678655e+000,  1.730770e+000
      491,  4.910000e+002, -9.291739e+000, -1.162670e+000, -1.680810e+000,  1.730713e+000
      492,  4.920000e+002, -9.276651e+000, -1.162270e+000, -1.678940e+000,  1.741548e+000
      493,  4.930000e+002, -9.276651e+000, -1.162270e+000, -1.678940e+000,  1.741548e+000
      494,  4.940000e+002, -9.291854e+000, -1.158359e+000, -1.678655e+000,  1.730770e+000
      495,  4.950000e+002, -9.276651e+000, -1.162270e+000, -1.678655e+000,  1.730770e+000
      496,  4.960000e+002, -9.265702e+000, -1.168451e+000, -1.665437e+000,  1.720335e+000
      497,  4.970000e+002, -9.276651e+000, -1.162270e+000, -1.678655e+000,  1.730770e+000
      498,  4.980000e+002, -9.296507e+000, -1.145540e+000, -1.661126e+000,  1.720449e+000
      499,  4.990000e+002, -9.291911e+000, -1.156203e+000, -1.661126e+000,  1.720449e+000
      500,  5.000000e+002, -9.291911e+000, -1.156203e+000, -1.666007e+000,  1.741890e+000
      501,  5.010000e+002, -9.291911e+000, -1.156203e+000, -1.656644e+000,  1.714097e+000
      502,  5.020000e+002, -9.291911e+000, -1.156203e+000, -1.648763e+000,  1.742346e+000
      503,  5.030000e+002, -9.291911e+000, -1.156203e+000, -1.654431e+000,  1.711999e+000
      504,  5.040000e+002, -9.291911e+000, -1.156203e+000, -1.657100e+000,  1.731341e+000
      505,  5.050000e+002, -9.291911e+000, -1.156203e+000, -1.644452e+000,  1.742461e+000
      506,  5.060000e+002, -9.269614e+000, -1.183654e+000, -1.635089e+000,  1.714667e+000
      507,  5.070000e+002, -9.269614e+000, -1.183654e+000, -1.635089e+000,  1.714667e+000
      508,  5.080000e+002, -9.269614e+000, -1.183654e+000, -1.635089e+000,  1.714667e+000
      509,  5.090000e+002, -9.295936e+000, -1.167095e+000, -1.635260e+000,  1.721134e+000
      510,  5.100000e+002, -9.269614e+000, -1.183654e+000, -1.635089e+000,  1.714667e+000
      511,  5.110000e+002, -9.318062e+000, -1.146110e+000, -1.644452e+000,  1.742461e+000
      512,  5.120000e+002, -9.269728e+000, -1.179343e+000, -1.635545e+000,  1.731911e+000
      513,  5.130000e+002, -9.269614e+000, -1.183654e+000, -1.635831e+000,  1.742689e+000
      514,  5.140000e+002, -9.318062e+000, -1.146110e+000, -1.644452e+000,  1.742461e+000
      515,  5.150000e+002, -9.269614e+000, -1.183654e+000, -1.635089e+000,  1.714667e+000
      516,  5.160000e+002, -9.291911e+000, -1.156203e+000, -1.637929e+000,  1.740476e+000
      517,  5.170000e+002, -9.318062e+000, -1.146110e+000, -1.637929e+000,  1.740476e+000
      518,  5.180000e+002, -9.269614e+000, -1.183654e+000, -1.635545e+000,  1.731911e+000
      519,  5.190000e+002, -9.254526e+000, -1.183254e+000, -1.627209e+000,  1.742917e+000
      520,  5.200000e+002, -9.291911e+000, -1.156203e+000, -1.644452e+000,  1.742461e+000
      521,  5.210000e+002, -9.318062e+000, -1.146110e+000, -1.644167e+000,  1.731683e+000
      522,  5.220000e+002, -9.291911e+000, -1.156203e+000, -1.639571e+000,  1.721020e+000
      523,  5.230000e+002, -9.291911e+000, -1.156203e+000, -1.644167e+000,  1.731683e+000
      524,  5.240000e+002, -9.291854e+000, -1.158359e+000, -1.666007e+000,  1.741890e+000
      525,  5.250000e+002, -9.291854e+000, -1.158359e+000, -1.666007e+000,  1.741890e+000
      526,  5.260000e+002, -9.291739e+000, -1.162670e+000, -1.665437e+000,  1.720335e+000
      527,  5.270000e+002, -9.291911e+000, -1.156203e+000, -1.665380e+000,  1.718180e+000
      528,  5.280000e+002, -9.318347e+000, -1.135333e+000, -1.678198e+000,  1.713526e+000
      529,  5.290000e+002, -9.291739e+000, -1.162670e+000, -1.678198e+000,  1.713526e+000
      530,  5.300000e+002, -9.291739e+000, -1.162670e+000, -1.678198e+000,  1.713526e+000
      531,  5.310000e+002, -9.318347e+000, -1.135333e+000, -1.678940e+000,  1.741548e+000
      532,  5.320000e+002, -9.291796e+000, -1.160514e+000, -1.678655e+000,  1.730770e+000
      533,  5.330000e+002, -9.291911e+000, -1.156203e+000, -1.678655e+000,  1.730770e+000
      534,  5.340000e+002, -9.291739e+000, -1.162670e+000, -1.678655e+000,  1.730770e+000
      535,  5.350000e+002, -9.291739e+000, -1.162670e+000, -1.678198e+000,  1.713526e+000
      536,  5.360000e+002, -9.291739e+000, -1.162670e+000, -1.678370e+000,  1.719993e+000
      537,  5.370000e+002, -9.318347e+000, -1.135333e+000, -1.675986e+000,  1.711428e+000
      538,  5.380000e+002, -9.291739e+000, -1.162670e+000, -1.678198e+000,  1.713526e+000
      539,  5.390000e+002, -9.291739e+000, -1.162670e+000, -1.678198e+000,  1.713526e+000
      540,  5.400000e+002, -9.291739e+000, -1.162670e+000, -1.675986e+000,  1.711428e+000
      541,  5.410000e+002, -9.291796e+000, -1.160514e+000, -1.665380e+000,  1.718180e+000
      542,  5.420000e+002, -9.291854e+000, -1.158359e+000, -1.678655e+000,  1.730770e+000
      543,  5.430000e+002, -9.291854e+000, -1.158359e+000, -1.665437e+000,  1.720335e+000
      544,  5.440000e+002, -9.291854e+000, -1.158359e+000, -1.666007e+000,  1.741890e+000
      545,  5.450000e+002, -9.318062e+000, -1.146110e+000, -1.666007e+000,  1.741890e+000
      546,  5.460000e+002, -9.291911e+000, -1.156203e+000, -1.643882e+000,  1.720906e+000
      547,  5.470000e+002, -9.265132e+000, -1.190006e+000, -1.643825e+000,  1.718750e+000
      548,  5.480000e+002, -9.264961e+000, -1.196473e+000, -1.637130e+000,  1.710299e+000
      549,  5.490000e+002, -9.317776e+000, -1.156888e+000, -1.643825e+000,  1.718750e+000
      550,  5.500000e+002, -9.295936e+000, -1.167095e+000, -1.637130e+000,  1.710299e+000
      551,  5.510000e+002, -9.265018e+000, -1.194317e+000, -1.644452e+000,  1.742461e+000
      552,  5.520000e+002, -9.265132e+000, -1.190006e+000, -1.635089e+000,  1.714667e+000
      553,  5.530000e+002, -9.265018e+000, -1.194317e+000, -1.644452e+000,  1.742461e+000
      554,  5.540000e+002, -9.317776e+000, -1.156888e+000, -1.644167e+000,  1.731683e+000
      555,  5.550000e+002, -9.273925e+000, -1.183768e+000, -1.644452e+000,  1.742461e+000
      556,  5.560000e+002, -9.317776e+000, -1.156888e+000, -1.643882e+000,  1.720906e+000
      557,  5.570000e+002, -9.317776e+000, -1.156888e+000, -1.644452e+000,  1.742461e+000
      558,  5.580000e+002, -9.317776e+000, -1.156888e+000, -1.643825e+000,  1.718750e+000
      559,  5.590000e+002, -9.265018e+000, -1.194317e+000, -1.643825e+000,  1.718750e+000
      560,  5.600000e+002, -9.269614e+000, -1.183654e+000, -1.635089e+000,  1.714667e+000
      561,  5.610000e+002, -9.317776e+000, -1.156888e+000, -1.643825e+000,  1.718750e+000
      562,  5.620000e+002, -9.317776e+000, -1.156888e+000, -1.643825e+000,  1.718750e+000
      563,  5.630000e+002, -9.318062e+000, -1.146110e+000, -1.644167e+000,  1.731683e+000
      564,  5.640000e+002, -9.318062e+000, -1.146110e+000, -1.657385e+000,  1.742118e+000
      565,  5.650000e+002, -9.317776e+000, -1.156888e+000, -1.666007e+000,  1.741890e+000
      566,  5.660000e+002, -9.291854e+000, -1.158359e+000, -1.666007e+000,  1.741890e+000
      567,  5.670000e+002, -9.291854e+000, -1.158359e+000, -1.661126e+000,  1.720449e+000
      568,  5.680000e+002, -9.318062e+000, -1.146110e+000, -1.678940e+000,  1.741548e+000
      569,  5.690000e+002, -9.291739e+000, -1.162670e+000, -1.678940e+000,  1.741548e+000
      570,  5.700000e+002, -9.287257e+000, -1.169022e+000, -1.687562e+000,  1.741319e+000
      571,  5.710000e+002, -9.291739e+000, -1.162670e+000, -1.678370e+000,  1.719993e+000
      572,  5.720000e+002, -9.287314e+000, -1.166866e+000, -1.686934e+000,  1.717609e+000
      573,  5.730000e+002, -9.287257e+000, -1.169022e+000, -1.687562e+000,  1.741319e+000
      574,  5.740000e+002, -9.291739e+000, -1.162670e+000, -1.678198e+000,  1.713526e+000
      575,  5.750000e+002, -9.287257e+000, -1.169022e+000, -1.687562e+000,  1.741319e+000
      576,  5.760000e+002, -9.291739e+000, -1.162670e+000, -1.678141e+000,  1.711371e+000
      577,  5.770000e+002, -9.287143e+000, -1.173333e+000, -1.686934e+000,  1.717609e+000
      578,  5.780000e+002, -9.287257e+000, -1.169022e+000, -1.687562e+000,  1.741319e+000
      579,  5.790000e+002, -9.314036e+000, -1.135219e+000, -1.687277e+000,  1.730542e+000
      580,  5.800000e+002, -9.287257e+000, -1.169022e+000, -1.686934e+000,  1.717609e+000
      581,  5.810000e+002, -9.291739e+000, -1.162670e+000, -1.678198e+000,  1.713526e+000
      582,  5.820000e+002, -9.287257e+000, -1.169022e+000, -1.687562e+000,  1.741319e+000
      583,  5.830000e+002, -9.287257e+000, -1.169022e+000, -1.678198e+000,  1.713526e+000
      584,  5.840000e+002, -9.291739e+000, -1.162670e+000, -1.678655e+000,  1.730770e+000
      585,  5.850000e+002, -9.291854e+000, -1.158359e+000, -1.665380e+000,  1.718180e+000
      586,  5.860000e+002, -9.318062e+000, -1.146110e+000, -1.665380e+000,  1.718180e+000
      587,  5.870000e+002, -9.318062e+000, -1.146110e+000, -1.666007e+000,  1.741890e+000
      588,  5.880000e+002, -9.317776e+000, -1.156888e+000, -1.666007e+000,  1.741890e+000
      589,  5.890000e+002, -9.317776e+000, -1.156888e+000, -1.657385e+000,  1.742118e+000
      590,  5.900000e+002, -9.317776e+000, -1.156888e+000, -1.657385e+000,  1.742118e+000
      591,  5.910000e+002, -9.317776e+000, -1.156888e+000, -1.644167e+000,  1.731683e+000
      592,  5.920000e+002, -9.317776e+000, -1.156888e+000, -1.657100e+000,  1.731341e+000
      593,  5.930000e+002, -9.317776e+000, -1.156888e+000, -1.643825e+000,  1.718750e+000
      594,  5.940000e+002, -9.265018e+000, -1.194317e+000, -1.644452e+000,  1.742461e+000
      595,  5.950000e+002, -9.291169e+000, -1.184224e+000, -1.657385e+000,  1.742118e+000
      596,  5.960000e+002, -9.265018e+000, -1.194317e+000, -1.643825e+000,  1.718750e+000
      597,  5.970000e+002, -9.317776e+000, -1.156888e+000, -1.644167e+000,  1.731683e+000
      598,  5.980000e+002, -9.291169e+000, -1.184224e+000, -1.657100e+000,  1.731341e+000
      599,  5.990000e+002, -9.317776e+000, -1.156888e+000, -1.657385e+000,  1.742118e+000
      600,  6.000000e+002, -9.317776e+000, -1.156888e+000, -1.644167e+000,  1.731683e+000
      601,  6.010000e+002, -9.291169e+000, -1.184224e+000, -1.657385e+000,  1.742118e+000
      602,  6.020000e+002, -9.317776e+000, -1.156888e+000, -1.643882e+000,  1.720906e+000
      603,  6.030000e+002, -9.317776e+000, -1.156888e+000, -1.644167e+000,  1.731683e+000
      604,  6.040000e+002, -9.317776e+000, -1.156888e+000, -1.657385e+000,  1.742118e+000
      605,  6.050000e+002, -9.317776e+000, -1.156888e+000, -1.657385e+000,  1.742118e+000
      606,  6.060000e+002, -9.318062e+000, -1.146110e+000, -1.657328e+000,  1.739963e+000
      607,  6.070000e+002, -9.317776e+000, -1.156888e+000, -1.663909e+000,  1.744103e+000
      608,  6.080000e+002, -9.313465e+000, -1.156774e+000, -1.665722e+000,  1.731113e+000
      609,  6.090000e+002, -9.313465e+000, -1.156774e+000, -1.687562e+000,  1.741319e+000
      610,  6.100000e+002, -9.313351e+000, -1.161085e+000, -1.686934e+000,  1.717609e+000
      611,  6.110000e+002, -9.287143e+000, -1.173333e+000, -1.686934e+000,  1.717609e+000
      612,  6.120000e+002, -9.287257e+000, -1.169022e+000, -1.682681e+000,  1.719879e+000
      613,  6.130000e+002, -9.287143e+000, -1.173333e+000, -1.686992e+000,  1.719765e+000
      614,  6.140000e+002, -9.287143e+000, -1.173333e+000, -1.691873e+000,  1.741205e+000
      615,  6.150000e+002, -9.287257e+000, -1.169022e+000, -1.682681e+000,  1.719879e+000
      616,  6.160000e+002, -9.339902e+000, -1.135904e+000, -1.700210e+000,  1.730200e+000
      617,  6.170000e+002, -9.339902e+000, -1.135904e+000, -1.700210e+000,  1.730200e+000
      618,  6.180000e+002, -9.287257e+000, -1.169022e+000, -1.687562e+000,  1.741319e+000
      619,  6.190000e+002, -9.287143e+000, -1.173333e+000, -1.691873e+000,  1.741205e+000
      620,  6.200000e+002, -9.287257e+000, -1.169022e+000, -1.686934e+000,  1.717609e+000
      621,  6.210000e+002, -9.340187e+000, -1.125126e+000, -1.691873e+000,  1.741205e+000
      622,  6.220000e+002, -9.287143e+000, -1.173333e+000, -1.687277e+000,  1.730542e+000
      623,  6.230000e+002, -9.339902e+000, -1.135904e+000, -1.700495e+000,  1.740977e+000
      624,  6.240000e+002, -9.287086e+000, -1.175488e+000, -1.686934e+000,  1.717609e+000
      625,  6.250000e+002, -9.291739e+000, -1.162670e+000, -1.675986e+000,  1.711428e+000
      626,  6.260000e+002, -9.291739e+000, -1.162670e+000, -1.683251e+000,  1.741434e+000
      627,  6.270000e+002, -9.318062e+000, -1.146110e+000, -1.678940e+000,  1.741548e+000
      628,  6.280000e+002, -9.317776e+000, -1.156888e+000, -1.665722e+000,  1.731113e+000
      629,  6.290000e+002, -9.317776e+000, -1.156888e+000, -1.661126e+000,  1.720449e+000
      630,  6.300000e+002, -9.317776e+000, -1.156888e+000, -1.657385e+000,  1.742118e+000
      631,  6.310000e+002, -9.317776e+000, -1.156888e+000, -1.666007e+000,  1.741890e+000
      632,  6.320000e+002, -9.317776e+000, -1.156888e+000, -1.657385e+000,  1.742118e+000
      633,  6.330000e+002, -9.276081e+000, -1.183825e+000, -1.657385e+000,  1.742118e+000
      634,  6.340000e+002, -9.339616e+000, -1.146681e+000, -1.666007e+000,  1.741890e+000
      635,  6.350000e+002, -9.317776e+000, -1.156888e+000, -1.648763e+000,  1.742346e+000
      636,  6.360000e+002, -9.317776e+000, -1.156888e+000, -1.657100e+000,  1.731341e+000
      637,  6.370000e+002, -9.291169e+000, -1.184224e+000, -1.661696e+000,  1.742004e+000
      638,  6.380000e+002, -9.317776e+000, -1.156888e+000, -1.657385e+000,  1.742118e+000
      639,  6.390000e+002, -9.313465e+000, -1.156774e+000, -1.657385e+000,  1.742118e+000
      640,  6.400000e+002, -9.276081e+000, -1.183825e+000, -1.657385e+000,  1.742118e+000
      641,  6.410000e+002, -9.317776e+000, -1.156888e+000, -1.657385e+000,  1.742118e+000
      642,  6.420000e+002, -9.317776e+000, -1.156888e+000, -1.657385e+000,  1.742118e+000
      643,  6.430000e+002, -9.291169e+000, -1.184224e+000, -1.657385e+000,  1.742118e+000
      644,  6.440000e+002, -9.317776e+000, -1.156888e+000, -1.657385e+000,  1.742118e+000
      645,  6.450000e+002, -9.317776e+000, -1.156888e+000, -1.657385e+000,  1.742118e+000
      646,  6.460000e+002, -9.317776e+000, -1.156888e+000, -1.657385e+000,  1.742118e+000
      647,  6.470000e+002, -9.317776e+000, -1.156888e+000, -1.657385e+000,  1.742118e+000
      648,  6.480000e+002, -9.313465e+000, -1.156774e+000, -1.666007e+000,  1.741890e+000
      649,  6.490000e+002, -9.313465e+000, -1.156774e+000, -1.670318e+000,  1.741776e+000
      650,  6.500000e+002, -9.313465e+000, -1.156774e+000, -1.678940e+000,  1.741548e+000
      651,  6.510000e+002, -9.287143e+000, -1.173333e+000, -1.683251e+000,  1.741434e+000
      652,  6.520000e+002, -9.287143e+000, -1.173333e+000, -1.685464e+000,  1.743532e+000
      653,  6.530000e+002, -9.339902e+000, -1.135904e+000, -1.687619e+000,  1.743475e+000
      654,  6.540000e+002, -9.340187e+000, -1.125126e+000, -1.687277e+000,  1.730542e+000
      655,  6.550000e+002, -9.339902e+000, -1.135904e+000, -1.700210e+000,  1.730200e+000
      656,  6.560000e+002, -9.287086e+000, -1.175488e+000, -1.686934e+000,  1.717609e+000
      657,  6.570000e+002, -9.339902e+000, -1.135904e+000, -1.700495e+000,  1.740977e+000
      658,  6.580000e+002, -9.339902e+000, -1.135904e+000, -1.700210e+000,  1.730200e+000
      659,  6.590000e+002, -9.339902e+000, -1.135904e+000, -1.700495e+000,  1.740977e+000
      660,  6.600000e+002, -9.287257e+000, -1.169022e+000, -1.686934e+000,  1.717609e+000
      661,  6.610000e+002, -9.339902e+000, -1.135904e+000, -1.700210e+000,  1.730200e+000
      662,  6.620000e+002, -9.339902e+000, -1.135904e+000, -1.700495e+000,  1.740977e+000
      663,  6.630000e+002, -9.339902e+000, -1.135904e+000, -1.704806e+000,  1.740863e+000
      664,  6.640000e+002, -9.339902e+000, -1.135904e+000, -1.700495e+000,  1.740977e+000
      665,  6.650000e+002, -9.340187e+000, -1.125126e+000, -1.687277e+000,  1.730542e+000
      666,  6.660000e+002, -9.339902e+000, -1.135904e+000, -1.700495e+000,  1.740977e+000
      667,  6.670000e+002, -9.339902e+000, -1.135904e+000, -1.686992e+000,  1.719765e+000
      668,  6.680000e+002, -9.313294e+000, -1.163240e+000, -1.687277e+000,  1.730542e+000
      669,  6.690000e+002, -9.287257e+000, -1.169022e+000, -1.683251e+000,  1.741434e+000
      670,  6.700000e+002, -9.287257e+000, -1.169022e+000, -1.678940e+000,  1.741548e+000
      671,  6.710000e+002, -9.313465e+000, -1.156774e+000, -1.678940e+000,  1.741548e+000
      672,  6.720000e+002, -9.318062e+000, -1.146110e+000, -1.666007e+000,  1.741890e+000
      673,  6.730000e+002, -9.313408e+000, -1.158929e+000, -1.670889e+000,  1.763331e+000
      674,  6.740000e+002, -9.313465e+000, -1.156774e+000, -1.661696e+000,  1.742004e+000
      675,  6.750000e+002, -9.317776e+000, -1.156888e+000, -1.661696e+000,  1.742004e+000
      676,  6.760000e+002, -9.328554e+000, -1.157173e+000, -1.656644e+000,  1.714097e+000
      677,  6.770000e+002, -9.313465e+000, -1.156774e+000, -1.661696e+000,  1.742004e+000
      678,  6.780000e+002, -9.317776e+000, -1.156888e+000, -1.657385e+000,  1.742118e+000
      679,  6.790000e+002, -9.328554e+000, -1.157173e+000, -1.659484e+000,  1.739906e+000
      680,  6.800000e+002, -9.339616e+000, -1.146681e+000, -1.659484e+000,  1.739906e+000
      681,  6.810000e+002, -9.317776e+000, -1.156888e+000, -1.657385e+000,  1.742118e+000
      682,  6.820000e+002, -9.273925e+000, -1.183768e+000, -1.656644e+000,  1.714097e+000
      683,  6.830000e+002, -9.339616e+000, -1.146681e+000, -1.661696e+000,  1.742004e+000
      684,  6.840000e+002, -9.317776e+000, -1.156888e+000, -1.657385e+000,  1.742118e+000
      685,  6.850000e+002, -9.328554e+000, -1.157173e+000, -1.657385e+000,  1.742118e+000
      686,  6.860000e+002, -9.313408e+000, -1.158929e+000, -1.665950e+000,  1.739735e+000
      687,  6.870000e+002, -9.317776e+000, -1.156888e+000, -1.657385e+000,  1.742118e+000
      688,  6.880000e+002, -9.339616e+000, -1.146681e+000, -1.666007e+000,  1.741890e+000
      689,  6.890000e+002, -9.317776e+000, -1.156888e+000, -1.661696e+000,  1.742004e+000
      690,  6.900000e+002, -9.339616e+000, -1.146681e+000, -1.678940e+000,  1.741548e+000
      691,  6.910000e+002, -9.313408e+000, -1.158929e+000, -1.678940e+000,  1.741548e+000
      692,  6.920000e+002, -9.313408e+000, -1.158929e+000, -1.683251e+000,  1.741434e+000
      693,  6.930000e+002, -9.296107e+000, -1.160628e+000, -1.687562e+000,  1.741319e+000
      694,  6.940000e+002, -9.313408e+000, -1.158929e+000, -1.686934e+000,  1.717609e+000
      695,  6.950000e+002, -9.296050e+000, -1.162784e+000, -1.704806e+000,  1.740863e+000
      696,  6.960000e+002, -9.340187e+000, -1.125126e+000, -1.686934e+000,  1.717609e+000
      697,  6.970000e+002, -9.296050e+000, -1.162784e+000, -1.699753e+000,  1.712956e+000
      698,  6.980000e+002, -9.339902e+000, -1.135904e+000, -1.700495e+000,  1.740977e+000
      699,  6.990000e+002, -9.339902e+000, -1.135904e+000, -1.700495e+000,  1.740977e+000
      700,  7.000000e+002, -9.318062e+000, -1.146110e+000, -1.686992e+000,  1.719765e+000
      701,  7.010000e+002, -9.339902e+000, -1.135904e+000, -1.700495e+000,  1.740977e+000
      702,  7.020000e+002, -9.339902e+000, -1.135904e+000, -1.707018e+000,  1.742961e+000
      703,  7.030000e+002, -9.298206e+000, -1.162841e+000, -1.700495e+000,  1.740977e+000
      704,  7.040000e+002, -9.339902e+000, -1.135904e+000, -1.704806e+000,  1.740863e+000
      705,  7.050000e+002, -9.350679e+000, -1.136189e+000, -1.704806e+000,  1.740863e+000
      706,  7.060000e+002, -9.298206e+000, -1.162841e+000, -1.699753e+000,  1.712956e+000
      707,  7.070000e+002, -9.340187e+000, -1.125126e+000, -1.700495e+000,  1.740977e+000
      708,  7.080000e+002, -9.298206e+000, -1.162841e+000, -1.700495e+000,  1.740977e+000
      709,  7.090000e+002, -9.298206e+000, -1.162841e+000, -1.687277e+000,  1.730542e+000
      710,  7.100000e+002, -9.296107e+000, -1.160628e+000, -1.687277e+000,  1.730542e+000
      711,  7.110000e+002, -9.313408e+000, -1.158929e+000, -1.687562e+000,  1.741319e+000
      712,  7.120000e+002, -9.317776e+000, -1.156888e+000, -1.678655e+000,  1.730770e+000
      713,  7.130000e+002, -9.313465e+000, -1.156774e+000, -1.678655e+000,  1.730770e+000
      714,  7.140000e+002, -9.339616e+000, -1.146681e+000, -1.670318e+000,  1.741776e+000
      715,  7.150000e+002, -9.317776e+000, -1.156888e+000, -1.659484e+000,  1.739906e+000
      716,  7.160000e+002, -9.328554e+000, -1.157173e+000, -1.661696e+000,  1.742004e+000
      717,  7.170000e+002, -9.339616e+000, -1.146681e+000, -1.663852e+000,  1.741947e+000
      718,  7.180000e+002, -9.328554e+000, -1.157173e+000, -1.661696e+000,  1.742004e+000
      719,  7.190000e+002, -9.339616e+000, -1.146681e+000, -1.666007e+000,  1.741890e+000
      720,  7.200000e+002, -9.308641e+000, -1.176059e+000, -1.665380e+000,  1.718180e+000
      721,  7.210000e+002, -9.317776e+000, -1.156888e+000, -1.657385e+000,  1.742118e+000
      722,  7.220000e+002, -9.339616e+000, -1.146681e+000, -1.665722e+000,  1.731113e+000
      723,  7.230000e+002, -9.319704e+000, -1.165567e+000, -1.666007e+000,  1.741890e+000
      724,  7.240000e+002, -9.339616e+000, -1.146681e+000, -1.665950e+000,  1.739735e+000
      725,  7.250000e+002, -9.328554e+000, -1.157173e+000, -1.657385e+000,  1.742118e+000
      726,  7.260000e+002, -9.339616e+000, -1.146681e+000, -1.666007e+000,  1.741890e+000
      727,  7.270000e+002, -9.339616e+000, -1.146681e+000, -1.666007e+000,  1.741890e+000
      728,  7.280000e+002, -9.273925e+000, -1.183768e+000, -1.657385e+000,  1.742118e+000
      729,  7.290000e+002, -9.339616e+000, -1.146681e+000, -1.665722e+000,  1.731113e+000
      730,  7.300000e+002, -9.339616e+000, -1.146681e+000, -1.666007e+000,  1.741890e+000
      731,  7.310000e+002, -9.339331e+000, -1.157458e+000, -1.683251e+000,  1.741434e+000
      732,  7.320000e+002, -9.317776e+000, -1.156888e+000, -1.666007e+000,  1.741890e+000
      733,  7.330000e+002, -9.339616e+000, -1.146681e+000, -1.678940e+000,  1.741548e+000
      734,  7.340000e+002, -9.339616e+000, -1.146681e+000, -1.687562e+000,  1.741319e+000
      735,  7.350000e+002, -9.313465e+000, -1.156774e+000, -1.678940e+000,  1.741548e+000
      736,  7.360000e+002, -9.313408e+000, -1.158929e+000, -1.700210e+000,  1.730200e+000
      737,  7.370000e+002, -9.313408e+000, -1.158929e+000, -1.700210e+000,  1.730200e+000
      738,  7.380000e+002, -9.295651e+000, -1.177872e+000, -1.709117e+000,  1.740749e+000
      739,  7.390000e+002, -9.298206e+000, -1.162841e+000, -1.700495e+000,  1.740977e+000
      740,  7.400000e+002, -9.339616e+000, -1.146681e+000, -1.707018e+000,  1.742961e+000
      741,  7.410000e+002, -9.296050e+000, -1.162784e+000, -1.700495e+000,  1.740977e+000
      742,  7.420000e+002, -9.296050e+000, -1.162784e+000, -1.704806e+000,  1.740863e+000
      743,  7.430000e+002, -9.296107e+000, -1.160628e+000, -1.699753e+000,  1.712956e+000
      744,  7.440000e+002, -9.296050e+000, -1.162784e+000, -1.697541e+000,  1.710857e+000
      745,  7.450000e+002, -9.296050e+000, -1.162784e+000, -1.704064e+000,  1.712842e+000
      746,  7.460000e+002, -9.313408e+000, -1.158929e+000, -1.702365e+000,  1.730143e+000
      747,  7.470000e+002, -9.350679e+000, -1.136189e+000, -1.704806e+000,  1.740863e+000
      748,  7.480000e+002, -9.296107e+000, -1.160628e+000, -1.700210e+000,  1.730200e+000
      749,  7.490000e+002, -9.296050e+000, -1.162784e+000, -1.699753e+000,  1.712956e+000
      750,  7.500000e+002, -9.350679e+000, -1.136189e+000, -1.709117e+000,  1.740749e+000
      751,  7.510000e+002, -9.313408e+000, -1.158929e+000, -1.700495e+000,  1.740977e+000
      752,  7.520000e+002, -9.313408e+000, -1.158929e+000, -1.686992e+000,  1.719765e+000
      753,  7.530000e+002, -9.339616e+000, -1.146681e+000, -1.682681e+000,  1.719879e+000
      754,  7.540000e+002, -9.339616e+000, -1.146681e+000, -1.687277e+000,  1.730542e+000
      755,  7.550000e+002, -9.339616e+000, -1.146681e+000, -1.675986e+000,  1.711428e+000
      756,  7.560000e+002, -9.339616e+000, -1.146681e+000, -1.678940e+000,  1.741548e+000
      757,  7.570000e+002, -9.319704e+000, -1.165567e+000, -1.665722e+000,  1.731113e+000
      758,  7.580000e+002, -9.319704e+000, -1.165567e+000, -1.666007e+000,  1.741890e+000
      759,  7.590000e+002, -9.313066e+000, -1.171862e+000, -1.665380e+000,  1.718180e+000
      760,  7.600000e+002, -9.313066e+000, -1.171862e+000, -1.666007e+000,  1.741890e+000
      761,  7.610000e+002, -9.319704e+000, -1.165567e+000, -1.666007e+000,  1.741890e+000
      762,  7.620000e+002, -9.313066e+000, -1.171862e+000, -1.665380e+000,  1.718180e+000
      763,  7.630000e+002, -9.313066e+000, -1.171862e+000, -1.656644e+000,  1.714097e+000
      764,  7.640000e+002, -9.319704e+000, -1.165567e+000, -1.666007e+000,  1.741890e+000
      765,  7.650000e+002, -9.350109e+000, -1.157744e+000, -1.665722e+000,  1.731113e+000
      766,  7.660000e+002, -9.313066e+000, -1.171862e+000, -1.666007e+000,  1.741890e+000
      767,  7.670000e+002, -9.317491e+000, -1.167665e+000, -1.656644e+000,  1.714097e+000
      768,  7.680000e+002, -9.295537e+000, -1.182183e+000, -1.665722e+000,  1.731113e+000
      769,  7.690000e+002, -9.317491e+000, -1.167665e+000, -1.657385e+000,  1.742118e+000
      770,  7.700000e+002, -9.317491e+000, -1.167665e+000, -1.666007e+000,  1.741890e+000
      771,  7.710000e+002, -9.313066e+000, -1.171862e+000, -1.665722e+000,  1.731113e+000
      772,  7.720000e+002, -9.319704e+000, -1.165567e+000, -1.665380e+000,  1.718180e+000
      773,  7.730000e+002, -9.328554e+000, -1.157173e+000, -1.654431e+000,  1.711999e+000
      774,  7.740000e+002, -9.350109e+000, -1.157744e+000, -1.678198e+000,  1.713526e+000
      775,  7.750000e+002, -9.328554e+000, -1.157173e+000, -1.665722e+000,  1.731113e+000
      776,  7.760000e+002, -9.328554e+000, -1.157173e+000, -1.670318e+000,  1.741776e+000
      777,  7.770000e+002, -9.339616e+000, -1.146681e+000, -1.686992e+000,  1.719765e+000
      778,  7.780000e+002, -9.339616e+000, -1.146681e+000, -1.687277e+000,  1.730542e+000
      779,  7.790000e+002, -9.339616e+000, -1.146681e+000, -1.699753e+000,  1.712956e+000
      780,  7.800000e+002, -9.339616e+000, -1.146681e+000, -1.704064e+000,  1.712842e+000
      781,  7.810000e+002, -9.296107e+000, -1.160628e+000, -1.704064e+000,  1.712842e+000
      782,  7.820000e+002, -9.296107e+000, -1.160628e+000, -1.700210e+000,  1.730200e+000
      783,  7.830000e+002, -9.339616e+000, -1.146681e+000, -1.699924e+000,  1.719422e+000
      784,  7.840000e+002, -9.296107e+000, -1.160628e+000, -1.700210e+000,  1.730200e+000
      785,  7.850000e+002, -9.339616e+000, -1.146681e+000, -1.709117e+000,  1.740749e+000
      786,  7.860000e+002, -9.313408e+000, -1.158929e+000, -1.699924e+000,  1.719422e+000
      787,  7.870000e+002, -9.296107e+000, -1.160628e+000, -1.700210e+000,  1.730200e+000
      788,  7.880000e+002, -9.296107e+000, -1.160628e+000, -1.701795e+000,  1.708588e+000
      789,  7.890000e+002, -9.313408e+000, -1.158929e+000, -1.700210e+000,  1.730200e+000
      790,  7.900000e+002, -9.296107e+000, -1.160628e+000, -1.704064e+000,  1.712842e+000
      791,  7.910000e+002, -9.313408e+000, -1.158929e+000, -1.699753e+000,  1.712956e+000
      792,  7.920000e+002, -9.313408e+000, -1.158929e+000, -1.700210e+000,  1.730200e+000
      793,  7.930000e+002, -9.339616e+000, -1.146681e+000, -1.700210e+000,  1.730200e+000
      794,  7.940000e+002, -9.339616e+000, -1.146681e+000, -1.687277e+000,  1.730542e+000
      795,  7.950000e+002, -9.317776e+000, -1.156888e+000, -1.678198e+000,  1.713526e+000
      796,  7.960000e+002, -9.339616e+000, -1.146681e+000, -1.691873e+000,  1.741205e+000
      797,  7.970000e+002, -9.328554e+000, -1.157173e+000, -1.665722e+000,  1.731113e+000
      798,  7.980000e+002, -9.339616e+000, -1.146681e+000, -1.665722e+000,  1.731113e+000
      799,  7.990000e+002, -9.317491e+000, -1.167665e+000, -1.661126e+000,  1.720449e+000
      800,  8.000000e+002, -9.313066e+000, -1.171862e+000, -1.661126e+000,  1.720449e+000
      801,  8.010000e+002, -9.317491e+000, -1.167665e+000, -1.666007e+000,  1.741890e+000
      802,  8.020000e+002, -9.317491e+000, -1.167665e+000, -1.656644e+000,  1.714097e+000
      803,  8.030000e+002, -9.317491e+000, -1.167665e+000, -1.661126e+000,  1.720449e+000
      804,  8.040000e+002, -9.317491e+000, -1.167665e+000, -1.656644e+000,  1.714097e+000
      805,  8.050000e+002, -9.313066e+000, -1.171862e+000, -1.665380e+000,  1.718180e+000
      806,  8.060000e+002, -9.317491e+000, -1.167665e+000, -1.656644e+000,  1.714097e+000
      807,  8.070000e+002, -9.313066e+000, -1.171862e+000, -1.656644e+000,  1.714097e+000
      808,  8.080000e+002, -9.313066e+000, -1.171862e+000, -1.666007e+000,  1.741890e+000
      809,  8.090000e+002, -9.295537e+000, -1.182183e+000, -1.665380e+000,  1.718180e+000
      810,  8.100000e+002, -9.313066e+000, -1.171862e+000, -1.665722e+000,  1.731113e+000
      811,  8.110000e+002, -9.313066e+000, -1.171862e+000, -1.663909e+000,  1.744103e+000
      812,  8.120000e+002, -9.317491e+000, -1.167665e+000, -1.666007e+000,  1.741890e+000
      813,  8.130000e+002, -9.319704e+000, -1.165567e+000, -1.659484e+000,  1.739906e+000
      814,  8.140000e+002, -9.317491e+000, -1.167665e+000, -1.666007e+000,  1.741890e+000
      815,  8.150000e+002, -9.317491e+000, -1.167665e+000, -1.661126e+000,  1.720449e+000
      816,  8.160000e+002, -9.339616e+000, -1.146681e+000, -1.665722e+000,  1.731113e+000
      817,  8.170000e+002, -9.339616e+000, -1.146681e+000, -1.678940e+000,  1.741548e+000
      818,  8.180000e+002, -9.328554e+000, -1.157173e+000, -1.670318e+000,  1.741776e+000
      819,  8.190000e+002, -9.339616e+000, -1.146681e+000, -1.678198e+000,  1.713526e+000
      820,  8.200000e+002, -9.339616e+000, -1.146681e+000, -1.686992e+000,  1.719765e+000
      821,  8.210000e+002, -9.339616e+000, -1.146681e+000, -1.700210e+000,  1.730200e+000
      822,  8.220000e+002, -9.296107e+000, -1.160628e+000, -1.700210e+000,  1.730200e+000
      823,  8.230000e+002, -9.339616e+000, -1.146681e+000, -1.699924e+000,  1.719422e+000
      824,  8.240000e+002, -9.296107e+000, -1.160628e+000, -1.697541e+000,  1.710857e+000
      825,  8.250000e+002, -9.296107e+000, -1.160628e+000, -1.700210e+000,  1.730200e+000
      826,  8.260000e+002, -9.339616e+000, -1.146681e+000, -1.700210e+000,  1.730200e+000
      827,  8.270000e+002, -9.318062e+000, -1.146110e+000, -1.686934e+000,  1.717609e+000
      828,  8.280000e+002, -9.313408e+000, -1.158929e+000, -1.699867e+000,  1.717267e+000
      829,  8.290000e+002, -9.339616e+000, -1.146681e+000, -1.699924e+000,  1.719422e+000
      830,  8.300000e+002, -9.296107e+000, -1.160628e+000, -1.700210e+000,  1.730200e+000
      831,  8.310000e+002, -9.339616e+000, -1.146681e+000, -1.699753e+000,  1.712956e+000
      832,  8.320000e+002, -9.296107e+000, -1.160628e+000, -1.700495e+000,  1.740977e+000
      833,  8.330000e+002, -9.350679e+000, -1.136189e+000, -1.699753e+000,  1.712956e+000
      834,  8.340000e+002, -9.296107e+000, -1.160628e+000, -1.691873e+000,  1.741205e+000
      835,  8.350000e+002, -9.313637e+000, -1.150307e+000, -1.687562e+000,  1.741319e+000
      836,  8.360000e+002, -9.318062e+000, -1.146110e+000, -1.678370e+000,  1.719993e+000
      837,  8.370000e+002, -9.313408e+000, -1.158929e+000, -1.687562e+000,  1.741319e+000
      838,  8.380000e+002, -9.328554e+000, -1.157173e+000, -1.665722e+000,  1.731113e+000
      839,  8.390000e+002, -9.318062e+000, -1.146110e+000, -1.665380e+000,  1.718180e+000
      840,  8.400000e+002, -9.328554e+000, -1.157173e+000, -1.660955e+000,  1.713983e+000
      841,  8.410000e+002, -9.317491e+000, -1.167665e+000, -1.658685e+000,  1.709729e+000
      842,  8.420000e+002, -9.289470e+000, -1.166923e+000, -1.657385e+000,  1.742118e+000
      843,  8.430000e+002, -9.317491e+000, -1.167665e+000, -1.657100e+000,  1.731341e+000
      844,  8.440000e+002, -9.317491e+000, -1.167665e+000, -1.661696e+000,  1.742004e+000
      845,  8.450000e+002, -9.273982e+000, -1.181612e+000, -1.648763e+000,  1.742346e+000
      846,  8.460000e+002, -9.317491e+000, -1.167665e+000, -1.657100e+000,  1.731341e+000
      847,  8.470000e+002, -9.273982e+000, -1.181612e+000, -1.657100e+000,  1.731341e+000
      848,  8.480000e+002, -9.317491e+000, -1.167665e+000, -1.666007e+000,  1.741890e+000
      849,  8.490000e+002, -9.317491e+000, -1.167665e+000, -1.657100e+000,  1.731341e+000
      850,  8.500000e+002, -9.273982e+000, -1.181612e+000, -1.644167e+000,  1.731683e+000
      851,  8.510000e+002, -9.317491e+000, -1.167665e+000, -1.657100e+000,  1.731341e+000
      852,  8.520000e+002, -9.273982e+000, -1.181612e+000, -1.643882e+000,  1.720906e+000
      853,  8.530000e+002, -9.317491e+000, -1.167665e+000, -1.661696e+000,  1.742004e+000
      854,  8.540000e+002, -9.273982e+000, -1.181612e+000, -1.643882e+000,  1.720906e+000
      855,  8.550000e+002, -9.317491e+000, -1.167665e+000, -1.660955e+000,  1.713983e+000
      856,  8.560000e+002, -9.291511e+000, -1.171291e+000, -1.657385e+000,  1.742118e+000
      857,  8.570000e+002, -9.328554e+000, -1.157173e+000, -1.656644e+000,  1.714097e+000
      858,  8.580000e+002, -9.328554e+000, -1.157173e+000, -1.663909e+000,  1.744103e+000
      859,  8.590000e+002, -9.318062e+000, -1.146110e+000, -1.666007e+000,  1.741890e+000
      860,  8.600000e+002, -9.328554e+000, -1.157173e+000, -1.678655e+000,  1.730770e+000
